2	68	384
68	135	48
135	202	96
202	268	144
268	335	384
335	402	48
402	468	96
468	535	144
535	602	384
602	668	48
668	735	96
735	802	144
802	868	384
868	935	48
935	1002	96
1002	1068	144
1068	1135	384
1135	1202	48
1202	1268	96
1268	1335	144
1335	1402	384
1402	1468	48
1468	1535	96
1535	1602	144
1602	1668	384
1668	1735	48
1735	1802	96
1802	1868	144
1868	1935	384
1935	2002	48
2002	2068	96
2068	2135	144
2135	2202	384
2202	2268	48
2268	2335	96
2335	2402	144
2402	2468	384
2468	2535	48
2535	2602	96
2602	2668	144
2668	2735	384
2735	2802	48
2802	2868	96
2868	2935	144
2935	3002	384
3002	3068	48
3068	3135	96
3135	3202	144
3202	3268	384
3268	3335	48
3335	3402	96
3402	3468	144
3468	3535	384
3535	3602	48
3602	3668	96
3668	3735	144
3735	3802	384
3802	3868	48
3868	3935	96
3935	4002	144
4002	4068	384
4068	4135	48
4135	4202	96
4202	4268	144
4268	4335	384
4335	4402	48
4402	4468	96
4468	4535	144
4535	4602	384
4602	4668	48
4668	4735	96
4735	4802	144
4802	4868	384
4868	4935	48
4935	5002	96
5002	5068	144
5068	5135	384
5135	5202	48
5202	5268	96
5268	5335	144
5335	5402	384
5402	5468	48
5468	5535	96
5535	5602	144
5602	5668	384
5668	5735	48
5735	5802	96
5802	5868	144
5868	5935	384
5935	6002	48
6002	6068	96
6068	6135	144
6135	6202	384
6202	6268	48
6268	6335	96
6335	6402	144
6402	6468	384
6468	6535	48
6535	6602	96
6602	6668	144
6668	6735	384
6735	6802	48
6802	6868	96
6868	6935	144
6935	7002	384
7002	7068	48
7068	7135	96
7135	7202	144
7202	7268	384
7268	7335	48
7335	7402	96
7402	7468	144
7468	7535	384
7535	7602	48
7602	7668	96
7668	7735	144
7735	7802	384
7802	7868	48
7868	7935	96
7935	8002	144
8002	8068	384
8068	8135	48
8135	8202	96
8202	8268	144
8268	8335	384
8335	8402	48
8402	8468	96
8468	8535	144
8535	8602	384
8602	8668	48
8668	8735	96
8735	8802	144
8802	8868	384
8868	8935	48
8935	9002	96
9002	9068	144
9068	9135	384
9135	9202	48
9202	9268	96
9268	9335	144
9335	9402	384
9402	9468	48
9468	9535	96
9535	9602	144
9602	9668	384
9668	9735	48
9735	9802	96
9802	9868	144
9868	9935	384
9935	10002	48
10002	10068	96
10068	10135	144
10135	10202	384
10202	10268	48
10268	10335	96
10335	10402	144
10402	10468	384
10468	10535	48
10535	10602	96
10602	10668	144
10668	10735	384
10735	10802	48
10802	10868	96
10868	10935	144
10935	11002	384
11002	11068	48
11068	11135	96
11135	11202	144
11202	11268	384
11268	11335	48
11335	11402	96
11402	11468	144
11468	11535	384
11535	11602	48
11602	11668	96
11668	11735	144
11735	11802	384
11802	11868	48
11868	11935	96
11935	12002	144
12002	12068	384
12068	12135	48
12135	12202	96
12202	12268	144
12268	12335	384
12335	12402	48
12402	12468	96
12468	12535	144
12535	12602	384
12602	12668	48
12668	12735	96
12735	12802	144
12802	12868	384
12868	12935	48
12935	13002	96
13002	13068	144
13068	13135	384
13135	13202	48
13202	13268	96
13268	13335	144
13335	13402	384
13402	13468	48
13468	13535	96
13535	13602	144
13602	13668	384
13668	13735	48
13735	13802	96
13802	13868	144
13868	13935	384
13935	14002	48
14002	14068	96
14068	14135	144
14135	14202	384
14202	14268	48
14268	14335	96
14335	14402	144
14402	14468	384
14468	14535	48
14535	14602	96
14602	14668	144
14668	14735	384
14735	14802	48
14802	14868	96
14868	14935	144
14935	15002	384
15002	15068	48
15068	15135	96
15135	15202	144
15202	15268	384
15268	15335	48
15335	15402	96
15402	15468	144
15468	15535	384
15535	15602	48
15602	15668	96
15668	15735	144
15735	15802	384
15802	15868	48
15868	15935	96
15935	16002	144
16002	16068	384
16068	16135	48
16135	16202	96
16202	16268	144
16268	16335	384
16335	16402	48
16402	16468	96
16468	16535	144
16535	16602	384
16602	16668	48
16668	16735	96
16735	16802	144
16802	16868	384
16868	16935	48
16935	17002	96
17002	17068	144
17068	17135	384
17135	17202	48
17202	17268	96
17268	17335	144
17335	17402	384
17402	17468	48
17468	17535	96
17535	17602	144
17602	17668	384
17668	17735	48
17735	17802	96
17802	17868	144
17868	17935	384
17935	18002	48
18002	18068	96
18068	18135	144
18135	18202	384
18202	18268	48
18268	18335	96
18335	18402	144
18402	18468	384
18468	18535	48
18535	18602	96
18602	18668	144
18668	18735	384
18735	18802	48
18802	18868	96
18868	18935	144
18935	19002	384
19002	19068	48
19068	19135	96
19135	19202	144
19202	19268	384
19268	19335	48
19335	19402	96
19402	19468	144
19468	19535	384
19535	19602	48
19602	19668	96
19668	19735	144
19735	19802	384
19802	19868	48
19868	19935	96
19935	20002	144
20002	20068	384
20068	20135	48
20135	20202	96
20202	20268	144
20268	20335	384
20335	20402	48
20402	20468	96
20468	20535	144
20535	20602	384
20602	20668	48
20668	20735	96
20735	20802	144
20802	20868	384
20868	20935	48
20935	21002	96
21002	21068	144
21068	21135	384
21135	21202	48
21202	21268	96
21268	21335	144
21335	21402	384
21402	21468	48
21468	21535	96
21535	21602	144
21602	21668	384
21668	21735	48
21735	21802	96
21802	21868	144
21868	21935	384
21935	22002	48
22002	22068	96
22068	22135	144
22135	22202	384
22202	22268	48
22268	22335	96
22335	22402	144
22402	22468	384
22468	22535	48
22535	22602	96
22602	22668	144
22668	22735	384
22735	22802	48
22802	22868	96
22868	22935	144
22935	23002	384
23002	23068	48
23068	23135	96
23135	23202	144
23202	23268	384
23268	23335	48
23335	23402	96
23402	23468	144
23468	23535	384
23535	23602	48
23602	23668	96
23668	23735	144
23735	23802	384
23802	23868	48
23868	23935	96
23935	24002	144
24002	24068	384
24068	24135	48
24135	24202	96
24202	24268	144
24268	24335	384
24335	24402	48
24402	24468	96
24468	24535	144
24535	24602	384
24602	24668	48
24668	24735	96
24735	24802	144
24802	24868	384
24868	24935	48
24935	25002	96
25002	25068	144
25068	25135	384
25135	25202	48
25202	25268	96
25268	25335	144
25335	25402	384
25402	25468	48
25468	25535	96
25535	25602	144
25602	25668	384
25668	25735	48
25735	25802	96
25802	25868	144
25868	25935	384
25935	26002	48
26002	26068	96
26068	26135	144
26135	26202	384
26202	26268	48
26268	26335	96
26335	26402	144
26402	26468	384
26468	26589	48
