0	49	384
49	99	48
99	149	96
149	199	144
199	249	384
249	299	48
299	349	96
349	400	144
400	450	384
450	500	48
500	550	96
550	600	144
600	649	384
649	699	48
699	748	96
748	798	144
798	848	384
848	898	48
898	948	96
948	999	144
999	1049	384
1049	1099	48
1099	1149	96
1149	1199	144
1199	1249	384
1249	1299	48
1299	1349	96
1349	1399	144
1399	1448	384
1448	1498	48
1498	1548	96
1548	1598	144
1598	1648	384
1648	1698	48
1698	1748	96
1748	1799	144
1799	1850	384
1850	1901	48
1901	1950	96
1950	2000	144
2000	2050	384
2050	2100	48
2100	2150	96
2150	2200	144
2200	2250	192
2250	2300	240
2300	2350	384
2350	2400	48
2400	2450	96
2450	2500	144
2500	2550	384
2550	2600	48
2600	2650	96
2650	2701	144
2701	2750	384
2750	2800	48
2800	2849	96
2849	2899	144
2899	2948	384
2948	2998	48
2998	3048	96
3048	3098	144
3098	3148	384
3148	3199	48
3199	3249	96
3249	3300	144
3300	3350	384
3350	3400	48
3400	3450	96
3450	3501	144
3501	3551	384
3551	3601	48
3601	3651	96
3651	3701	144
3701	3751	384
3751	3801	48
3801	3851	96
3851	3901	144
3901	3951	384
3951	4001	48
4001	4051	96
4051	4101	144
4101	4150	384
4150	4199	48
4199	4248	96
4248	4298	144
4298	4348	384
4348	4399	48
4399	4449	96
4449	4500	144
4500	4549	384
4549	4599	48
4599	4649	96
4649	4699	144
4699	4749	384
4749	4799	48
4799	4849	96
4849	4900	144
4900	4950	384
4950	5000	48
5000	5050	96
5050	5101	144
5101	5151	384
5151	5201	48
5201	5251	96
5251	5301	144
5301	5351	384
5351	5401	48
5401	5451	96
5451	5502	144
5502	5551	384
5551	5601	48
5601	5650	96
5650	5700	144
5700	5750	384
5750	5800	48
5800	5850	96
5850	5900	144
5900	5950	384
5950	6000	48
6000	6050	96
6050	6101	144
6101	6150	384
6150	6200	48
6200	6249	96
6249	6299	144
6299	6349	384
6349	6400	48
6400	6450	96
6450	6501	144
6501	6551	384
6551	6601	48
6601	6651	96
6651	6701	144
6701	6750	384
6750	6800	48
6800	6849	96
6849	6899	144
6899	6949	384
6949	7000	48
7000	7050	96
7050	7101	144
7101	7151	384
7151	7201	48
7201	7251	96
7251	7301	144
7301	7351	384
7351	7401	48
7401	7451	96
7451	7501	144
7501	7550	384
7550	7600	48
7600	7650	96
7650	7700	144
7700	7750	384
7750	7800	48
7800	7850	96
7850	7900	144
7900	7950	384
7950	8000	48
8000	8050	96
8050	8100	144
8100	8150	384
8150	8200	48
8200	8250	96
8250	8300	144
8300	8350	384
8350	8400	48
8400	8450	96
8450	8500	144
8500	8550	384
8550	8600	48
8600	8650	96
8650	8701	144
8701	8751	384
8751	8801	48
8801	8851	96
8851	8901	144
8901	8950	384
8950	9000	48
9000	9049	96
9049	9099	144
9099	9149	384
9149	9200	48
9200	9250	96
9250	9301	144
9301	9351	384
9351	9401	48
9401	9451	96
9451	9501	144
9501	9550	384
9550	9600	48
9600	9649	96
9649	9699	144
9699	9749	384
9749	9800	48
9800	9850	96
9850	9901	144
9901	9950	384
9950	10000	48
10000	10050	96
10050	10100	144
10100	10150	384
10150	10200	48
10200	10250	96
10250	10300	144
10300	10350	384
10350	10400	48
10400	10450	96
10450	10501	144
10501	10550	384
10550	10600	48
10600	10650	96
10650	10700	144
10700	10750	384
10750	10800	48
10800	10850	96
10850	10901	144
10901	10950	384
10950	11000	48
11000	11050	96
11050	11100	144
11100	11150	384
11150	11200	48
11200	11250	96
11250	11300	144
11300	11350	384
11350	11400	48
11400	11450	96
11450	11500	144
11500	11550	384
11550	11600	48
11600	11650	96
11650	11701	144
11701	11751	384
11751	11801	48
11801	11851	96
11851	11901	144
11901	11951	384
11951	12001	48
12001	12051	96
12051	12102	144
12102	12151	384
12151	12201	48
12201	12251	96
12251	12301	144
12301	12350	384
12350	12400	48
12400	12450	96
12450	12500	144
12500	12549	384
12549	12599	48
12599	12649	96
12649	12699	144
12699	12749	384
12749	12800	48
12800	12850	96
12850	12901	144
12901	12951	384
12951	13001	48
13001	13051	96
13051	13101	144
13101	13151	384
13151	13201	48
13201	13251	96
13251	13301	144
13301	13350	384
13350	13400	48
13400	13449	96
13449	13499	144
13499	13549	384
13549	13599	48
13599	13649	96
13649	13699	144
13699	13749	384
13749	13800	48
13800	13850	96
13850	13901	144
13901	13950	384
13950	14000	48
14000	14050	96
14050	14100	144
14100	14150	384
14150	14200	48
14200	14250	96
14250	14300	144
14300	14350	384
14350	14400	48
14400	14450	96
14450	14501	144
14501	14550	384
14550	14600	48
14600	14649	96
14649	14699	144
14699	14749	384
14749	14799	48
14799	14849	96
14849	14899	144
14899	14949	384
14949	14999	48
14999	15049	96
15049	15099	144
15099	15149	384
15149	15200	48
15200	15250	96
15250	15301	144
15301	15351	384
15351	15401	48
15401	15451	96
15451	15501	144
15501	15550	384
15550	15600	48
15600	15650	96
15650	15700	144
15700	15750	384
15750	15800	48
15800	15850	96
15850	15900	144
15900	15950	384
15950	16000	48
16000	16050	96
16050	16101	144
16101	16151	384
16151	16201	48
16201	16251	96
16251	16301	144
16301	16351	384
16351	16401	48
16401	16451	96
16451	16501	144
16501	16551	384
16551	16601	48
16601	16651	96
16651	16701	144
16701	16750	384
16750	16800	48
16800	16849	96
16849	16899	144
16899	16949	384
16949	16999	48
16999	17049	96
17049	17100	144
17100	17149	384
17149	17199	48
17199	17249	96
17249	17299	144
17299	17349	384
17349	17400	48
17400	17450	96
17450	17501	144
17501	17550	384
17550	17600	48
17600	17650	96
17650	17700	144
17700	17750	384
17750	17800	48
17800	17850	96
17850	17900	144
17900	17950	384
17950	18000	48
18000	18050	96
18050	18100	144
18100	18150	384
18150	18200	48
18200	18250	96
18250	18300	144
18300	18350	384
18350	18400	48
18400	18450	96
18450	18501	144
18501	18551	384
18551	18601	48
18601	18651	96
18651	18701	144
18701	18750	384
18750	18800	48
18800	18850	96
18850	18900	144
18900	18949	384
18949	18999	48
18999	19049	96
19049	19099	144
19099	19148	384
19148	19197	48
19197	19246	96
19246	19296	144
19296	19346	384
19346	19397	48
19397	19448	96
19448	19499	144
19499	19548	384
19548	19598	48
19598	19648	96
19648	19698	144
19698	19748	384
19748	19798	48
19798	19848	96
19848	19898	144
19898	19948	384
19948	19999	48
19999	20049	96
20049	20100	144
20100	20149	384
20149	20198	48
20198	20247	96
20247	20297	144
20297	20347	384
20347	20398	48
20398	20448	96
20448	20499	144
20499	20549	384
20549	20599	48
20599	20649	96
20649	20699	144
20699	20749	384
20749	20799	48
20799	20849	96
20849	20900	144
20900	20949	384
20949	20999	48
20999	21049	96
21049	21099	144
21099	21149	384
21149	21199	48
21199	21249	96
21249	21300	144
21300	21349	384
21349	21399	48
21399	21449	96
21449	21499	144
21499	21549	384
21549	21600	48
21600	21650	96
21650	21701	144
21701	21750	384
21750	21800	48
21800	21850	96
21850	21900	144
21900	21949	384
21949	21999	48
21999	22049	96
22049	22099	144
22099	22149	384
22149	22199	48
22199	22249	96
22249	22300	144
22300	22349	384
22349	22399	48
22399	22449	96
22449	22499	144
22499	22549	384
22549	22599	48
22599	22649	96
22649	22699	144
22699	22749	384
22749	22800	48
22800	22850	96
22850	22901	144
22901	22951	384
22951	23001	48
23001	23051	96
23051	23101	144
23101	23151	384
23151	23201	48
23201	23251	96
23251	23301	144
23301	23351	384
23351	23402	48
23402	23452	96
23452	23503	144
23503	23552	384
23552	23601	48
23601	23650	96
23650	23699	144
23699	23749	384
23749	23799	48
23799	23849	96
23849	23899	144
23899	23949	384
23949	23999	48
23999	24049	96
24049	24100	144
24100	24752	384
