2	51	384
51	100	48
100	149	96
149	198	144
198	248	384
248	297	48
297	346	96
346	395	144
395	444	384
444	494	48
494	543	96
543	592	144
592	641	384
641	690	48
690	739	96
739	789	144
789	838	384
838	887	48
887	936	96
936	985	144
985	1035	384
1035	1084	48
1084	1133	96
1133	1182	144
1182	1231	384
1231	1280	48
1280	1330	96
1330	1379	144
1379	1428	384
1428	1477	48
1477	1526	96
1526	1575	144
1575	1625	384
1625	1674	48
1674	1723	96
1723	1772	144
1772	1821	384
1821	1871	48
1871	1920	96
1920	1969	144
1969	2018	384
2018	2067	48
2067	2116	96
2116	2166	144
2166	2215	384
2215	2264	48
2264	2313	96
2313	2362	144
2362	2412	384
2412	2461	48
2461	2510	96
2510	2559	144
2559	2608	384
2608	2657	48
2657	2707	96
2707	2756	144
2756	2805	384
2805	2854	48
2854	2903	96
2903	2952	144
2952	3002	384
3002	3051	48
3051	3100	96
3100	3149	144
3149	3198	384
3198	3248	48
3248	3297	96
3297	3346	144
3346	3395	384
3395	3444	48
3444	3494	96
3494	3543	144
3543	3592	384
3592	3641	48
3641	3690	96
3690	3739	144
3739	3789	384
3789	3838	48
3838	3887	96
3887	3936	144
3936	3985	384
3985	4035	48
4035	4084	96
4084	4133	144
4133	4182	384
4182	4231	48
4231	4280	96
4280	4330	144
4330	4379	384
4379	4428	48
4428	4477	96
4477	4526	144
4526	4576	384
4576	4625	48
4625	4674	96
4674	4723	144
4723	4772	384
4772	4821	48
4821	4871	96
4871	4920	144
4920	4969	384
4969	5018	48
5018	5067	96
5067	5116	144
5116	5166	384
5166	5215	48
5215	5264	96
5264	5313	144
5313	5362	384
5362	5412	48
5412	5461	96
5461	5510	144
5510	5559	384
5559	5608	48
5608	5657	96
5657	5707	144
5707	5756	384
5756	5805	48
5805	5854	96
5854	5903	144
5903	5953	384
5953	6002	48
6002	6051	96
6051	6100	144
6100	6149	384
6149	6198	48
6198	6248	96
6248	6297	144
6297	6346	384
6346	6395	48
6395	6444	96
6444	6493	144
6493	6543	384
6543	6592	48
6592	6641	96
6641	6690	144
6690	6739	384
6739	6789	48
6789	6838	96
6838	6887	144
6887	6936	384
6936	6985	48
6985	7035	96
7035	7084	144
7084	7133	384
7133	7182	48
7182	7231	96
7231	7280	144
7280	7330	384
7330	7379	48
7379	7428	96
7428	7477	144
7477	7526	384
7526	7576	48
7576	7625	96
7625	7674	144
7674	7723	384
7723	7772	48
7772	7821	96
7821	7871	144
7871	7920	384
7920	7969	48
7969	8018	96
8018	8067	144
8067	8116	384
8116	8166	48
8166	8215	96
8215	8264	144
8264	8313	384
8313	8362	48
8362	8412	96
8412	8461	144
8461	8510	384
8510	8559	48
8559	8608	96
8608	8657	144
8657	8707	384
8707	8756	48
8756	8805	96
8805	8854	144
8854	8903	384
8903	8953	48
8953	9002	96
9002	9051	144
9051	9100	384
9100	9149	48
9149	9198	96
9198	9248	144
9248	9297	384
9297	9346	48
9346	9395	96
9395	9444	144
9444	9494	384
9494	9543	48
9543	9592	96
9592	9641	144
9641	9690	384
9690	9739	48
9739	9789	96
9789	9838	144
9838	9887	384
9887	9936	48
9936	9985	96
9985	10034	144
10034	10084	384
10084	10133	48
10133	10182	96
10182	10231	144
10231	10280	384
10280	10330	48
10330	10379	96
10379	10428	144
10428	10477	384
10477	10526	48
10526	10576	96
10576	10625	144
10625	10674	384
10674	10723	48
10723	10772	96
10772	10821	144
10821	10871	384
10871	10920	48
10920	10969	96
10969	11018	144
11018	11067	384
11067	11116	48
11116	11166	96
11166	11215	144
11215	11264	384
11264	11313	48
11313	11362	96
11362	11412	144
11412	11461	384
11461	11510	48
11510	11559	96
11559	11608	144
11608	11657	384
11657	11707	48
11707	11756	96
11756	11805	144
11805	11854	384
11854	11903	48
11903	11953	96
11953	12002	144
12002	12051	384
12051	12100	48
12100	12149	96
12149	12198	144
12198	12248	384
12248	12297	48
12297	12346	96
12346	12395	144
12395	12444	384
12444	12494	48
12494	12543	96
12543	12592	144
12592	12641	384
12641	12690	48
12690	12739	96
12739	12789	144
12789	12838	384
12838	12887	48
12887	12936	96
12936	12985	144
12985	13035	384
13035	13084	48
13084	13133	96
13133	13182	144
13182	13231	384
13231	13280	48
13280	13330	96
13330	13379	144
13379	13428	384
13428	13477	48
13477	13526	96
13526	13575	144
13575	13625	384
13625	13674	48
13674	13723	96
13723	13772	144
13772	13821	384
13821	13871	48
13871	13920	96
13920	13969	144
13969	14018	384
14018	14067	48
14067	14116	96
14116	14166	144
14166	14215	384
14215	14264	48
14264	14313	96
14313	14362	144
14362	14412	384
14412	14461	48
14461	14510	96
14510	14559	144
14559	14608	384
14608	14657	48
14657	14707	96
14707	14756	144
14756	14805	384
14805	14854	48
14854	14903	96
14903	14952	144
14952	15002	384
15002	15051	48
15051	15100	96
15100	15149	144
15149	15198	384
15198	15248	48
15248	15297	96
15297	15346	144
15346	15395	384
15395	15444	48
15444	15494	96
15494	15543	144
15543	15592	384
15592	15641	48
15641	15690	96
15690	15739	144
15739	15789	384
15789	15838	48
15838	15887	96
15887	15936	144
15936	15985	384
15985	16035	48
16035	16084	96
16084	16133	144
16133	16182	384
16182	16231	48
16231	16280	96
16280	16330	144
16330	16379	384
16379	16428	48
16428	16477	96
16477	16526	144
16526	16576	384
16576	16625	48
16625	16674	96
16674	16723	144
16723	16772	384
16772	16821	48
16821	16871	96
16871	16920	144
16920	16969	384
16969	17018	48
17018	17067	96
17067	17116	144
17116	17166	384
17166	17215	48
17215	17264	96
17264	17313	144
17313	17362	384
17362	17412	48
17412	17461	96
17461	17510	144
17510	17559	384
17559	17608	48
17608	17657	96
17657	17707	144
17707	17756	384
17756	17805	48
17805	17854	96
17854	17903	144
17903	17953	384
17953	18002	48
18002	18051	96
18051	18100	144
18100	18149	384
18149	18198	48
18198	18248	96
18248	18297	144
18297	18346	384
18346	18395	48
18395	18444	96
18444	18493	144
18493	18543	384
18543	18592	48
18592	18641	96
18641	18690	144
18690	18739	384
18739	18789	48
18789	18838	96
18838	18887	144
18887	18936	384
18936	18985	48
18985	19035	96
19035	19084	144
19084	19133	384
19133	19182	48
19182	19231	96
19231	19280	144
19280	19330	384
19330	19379	48
19379	19428	96
19428	19477	144
19477	19526	384
19526	19576	48
19576	19625	96
19625	19674	144
19674	19723	384
19723	19772	48
19772	19821	96
19821	19871	144
19871	19920	384
19920	19969	48
19969	20018	96
20018	20067	144
20067	20116	384
20116	20166	48
20166	20215	96
20215	20264	144
20264	20313	384
20313	20362	48
20362	20412	96
20412	20461	144
20461	20510	384
20510	20559	48
20559	20608	96
20608	20657	144
20657	20707	384
20707	20756	48
20756	20805	96
20805	20854	144
20854	20903	384
20903	20953	48
20953	21002	96
21002	21051	144
21051	21100	384
21100	21149	48
21149	21198	96
21198	21248	144
21248	21297	384
21297	21346	48
21346	21395	96
21395	21444	144
21444	21494	384
21494	21543	48
21543	21592	96
21592	21641	144
21641	21690	384
21690	21739	48
21739	21789	96
21789	21838	144
21838	21887	384
21887	21936	48
21936	21985	96
21985	22034	144
22034	22084	384
22084	22133	48
22133	22182	96
22182	22231	144
22231	22280	384
22280	22330	48
22330	22379	96
22379	22428	144
22428	22477	384
22477	22526	48
22526	22576	96
22576	22625	144
22625	22674	384
22674	22723	48
22723	22772	96
22772	22821	144
22821	22871	384
22871	22920	48
22920	22969	96
22969	23018	144
23018	23067	384
23067	23116	48
23116	23166	96
23166	23215	144
23215	23264	384
23264	23313	48
23313	23362	96
23362	23412	144
23412	23461	384
23461	23510	48
23510	23559	96
23559	23608	144
23608	23657	384
23657	23707	48
23707	23756	96
23756	23805	144
23805	23854	384
23854	23903	48
23903	23953	96
23953	24002	144
24002	24051	384
24051	24100	48
24100	24149	96
24149	24198	144
24198	24248	384
24248	24297	48
24297	24346	96
24346	24395	144
24395	24444	384
24444	24494	48
24494	24543	96
24543	24592	144
24592	24641	384
24641	24690	48
24690	24739	96
24739	24789	144
24789	24838	384
24838	24887	48
24887	24936	96
24936	24985	144
24985	25035	384
25035	25084	48
25084	25133	96
25133	25182	144
25182	25231	384
25231	25280	48
25280	25330	96
25330	25379	144
25379	25428	384
25428	25477	48
25477	25526	96
25526	25575	144
25575	25625	384
25625	25674	48
25674	25723	96
25723	25772	144
25772	25821	384
25821	25871	48
25871	25920	96
25920	25969	144
25969	26018	384
26018	26067	48
26067	26116	96
26116	26166	144
26166	26215	384
26215	26264	48
26264	26313	96
26313	26362	144
26362	26412	384
26412	26461	48
26461	26510	96
26510	26559	144
26559	26608	384
26608	26657	48
26657	26707	96
26707	26756	144
26756	26805	384
26805	26854	48
26854	26903	96
26903	26952	144
26952	27002	384
27002	27051	48
27051	27100	96
27100	27149	144
27149	27198	384
27198	27248	48
27248	27297	96
27297	27346	144
27346	27395	384
27395	27444	48
27444	27494	96
27494	27543	144
27543	27592	384
27592	27641	48
27641	27690	96
27690	27739	144
27739	27789	384
27789	27838	48
27838	27887	96
27887	27936	144
27936	27985	384
27985	28035	48
28035	28084	96
28084	28133	144
28133	28182	384
28182	28231	48
28231	28280	96
28280	28330	144
28330	28379	384
28379	28428	48
28428	28477	96
28477	28526	144
28526	28576	384
28576	28625	48
28625	28674	96
28674	28723	144
28723	28772	384
28772	28821	48
28821	28871	96
28871	28920	144
28920	28969	384
28969	29018	48
29018	29067	96
29067	29116	144
29116	29166	384
29166	29215	48
29215	29264	96
29264	29313	144
29313	29362	384
29362	29412	48
29412	29461	96
29461	29510	144
29510	29664	384
