20	56	384
56	91	48
91	127	96
127	163	144
163	198	384
198	234	48
234	270	96
270	306	144
306	341	384
341	377	48
377	413	96
413	448	144
448	484	384
484	520	48
520	556	96
556	591	144
591	627	384
627	663	48
663	698	96
698	734	144
734	770	384
770	805	48
805	841	96
841	877	144
877	913	384
913	948	48
948	984	96
984	1020	144
1020	1056	384
1056	1091	48
1091	1127	96
1127	1163	144
1163	1198	384
1198	1234	48
1234	1270	96
1270	1306	144
1306	1341	384
1341	1377	48
1377	1413	96
1413	1448	144
1448	1484	384
1484	1520	48
1520	1556	96
1556	1591	144
1591	1627	384
1627	1663	48
1663	1698	96
1698	1734	144
1734	1770	384
1770	1805	48
1805	1841	96
1841	1877	144
1877	1913	384
1913	1948	48
1948	1984	96
1984	2020	144
2020	2056	384
2056	2091	48
2091	2127	96
2127	2163	144
2163	2198	384
2198	2234	48
2234	2270	96
2270	2305	144
2305	2341	384
2341	2377	48
2377	2413	96
2413	2448	144
2448	2484	384
2484	2520	48
2520	2556	96
2556	2591	144
2591	2627	384
2627	2663	48
2663	2698	96
2698	2734	144
2734	2770	384
2770	2805	48
2805	2841	96
2841	2877	144
2877	2913	384
2913	2948	48
2948	2984	96
2984	3020	144
3020	3055	384
3055	3091	48
3091	3127	96
3127	3163	144
3163	3198	384
3198	3234	48
3234	3270	96
3270	3306	144
3306	3341	384
3341	3377	48
3377	3413	96
3413	3448	144
3448	3484	384
3484	3520	48
3520	3556	96
3556	3591	144
3591	3627	384
3627	3663	48
3663	3698	96
3698	3734	144
3734	3770	384
3770	3805	48
3805	3841	96
3841	3877	144
3877	3913	384
3913	3948	48
3948	3984	96
3984	4020	144
4020	4056	384
4056	4091	48
4091	4127	96
4127	4163	144
4163	4198	384
4198	4234	48
4234	4270	96
4270	4306	144
4306	4341	384
4341	4377	48
4377	4413	96
4413	4448	144
4448	4484	384
4484	4520	48
4520	4555	96
4555	4591	144
4591	4627	384
4627	4663	48
4663	4698	96
4698	4734	144
4734	4770	384
4770	4805	48
4805	4841	96
4841	4877	144
4877	4913	384
4913	4948	48
4948	4984	96
4984	5020	144
5020	5056	384
5056	5091	48
5091	5127	96
5127	5163	144
5163	5198	384
5198	5234	48
5234	5270	96
5270	5306	144
5306	5341	384
5341	5377	48
5377	5413	96
5413	5448	144
5448	5484	384
5484	5520	48
5520	5556	96
5556	5591	144
5591	5627	384
5627	5663	48
5663	5698	96
5698	5734	144
5734	5770	384
5770	5805	48
5805	5841	96
5841	5877	144
5877	5913	384
5913	5948	48
5948	5984	96
5984	6020	144
6020	6056	384
6056	6091	48
6091	6127	96
6127	6163	144
6163	6198	384
6198	6234	48
6234	6270	96
6270	6306	144
6306	6341	384
6341	6377	48
6377	6413	96
6413	6448	144
6448	6484	384
6484	6520	48
6520	6555	96
6555	6591	144
6591	6627	384
6627	6663	48
6663	6698	96
6698	6734	144
6734	6770	384
6770	6805	48
6805	6841	96
6841	6877	144
6877	6913	384
6913	6948	48
6948	6984	96
6984	7020	144
7020	7056	384
7056	7091	48
7091	7127	96
7127	7163	144
7163	7198	384
7198	7234	48
7234	7270	96
7270	7306	144
7306	7341	384
7341	7377	48
7377	7413	96
7413	7448	144
7448	7484	384
7484	7520	48
7520	7555	96
7555	7591	144
7591	7627	384
7627	7663	48
7663	7698	96
7698	7734	144
7734	7770	384
7770	7805	48
7805	7841	96
7841	7877	144
7877	7913	384
7913	7948	48
7948	7984	96
7984	8020	144
8020	8055	384
8055	8091	48
8091	8127	96
8127	8163	144
8163	8198	384
8198	8234	48
8234	8270	96
8270	8306	144
8306	8341	384
8341	8377	48
8377	8413	96
8413	8448	144
8448	8484	384
8484	8520	48
8520	8556	96
8556	8591	144
8591	8627	384
8627	8662	48
8662	8698	96
8698	8734	144
8734	8770	384
8770	8805	48
8805	8841	96
8841	8877	144
8877	8913	384
8913	8948	48
8948	8984	96
8984	9020	144
9020	9056	384
9056	9091	48
9091	9127	96
9127	9163	144
9163	9198	384
9198	9234	48
9234	9270	96
9270	9305	144
9305	9341	384
9341	9377	48
9377	9413	96
9413	9448	144
9448	9484	384
9484	9520	48
9520	9555	96
9555	9591	144
9591	9627	384
9627	9662	48
9662	9698	96
9698	9734	144
9734	9770	384
9770	9805	48
9805	9841	96
9841	9877	144
9877	9913	384
9913	9948	48
9948	9984	96
9984	10020	144
10020	10055	384
10055	10091	48
10091	10127	96
10127	10163	144
10163	10198	384
10198	10234	48
10234	10270	96
10270	10305	144
10305	10341	384
10341	10377	48
10377	10413	96
10413	10448	144
10448	10484	384
10484	10520	48
10520	10556	96
10556	10591	144
10591	10627	384
10627	10663	48
10663	10698	96
10698	10734	144
10734	10770	384
10770	10805	48
10805	10841	96
10841	10877	144
10877	10913	384
10913	10948	48
10948	10984	96
10984	11020	144
11020	11056	384
11056	11091	48
11091	11127	96
11127	11163	144
11163	11198	384
11198	11234	48
11234	11270	96
11270	11305	144
11305	11341	384
11341	11377	48
11377	11413	96
11413	11448	144
11448	11484	384
11484	11520	48
11520	11555	96
11555	11591	144
11591	11627	384
11627	11662	48
11662	11698	96
11698	11734	144
11734	11770	384
11770	11805	48
11805	11841	96
11841	11877	144
11877	11913	384
11913	11948	48
11948	11984	96
11984	12020	144
12020	12056	384
12056	12091	48
12091	12127	96
12127	12163	144
12163	12198	384
12198	12234	48
12234	12270	96
12270	12306	144
12306	12341	384
12341	12377	48
12377	12413	96
12413	12448	144
12448	12484	384
12484	12520	48
12520	12556	96
12556	12591	144
12591	12627	384
12627	12662	48
12662	12698	96
12698	12734	144
12734	12770	384
12770	12805	48
12805	12841	96
12841	12877	144
12877	12913	384
12913	12948	48
12948	12984	96
12984	13020	144
13020	13056	384
13056	13091	48
13091	13127	96
13127	13163	144
13163	13198	384
13198	13234	48
13234	13270	96
13270	13305	144
13305	13341	384
13341	13377	48
13377	13413	96
13413	13448	144
13448	13484	384
13484	13520	48
13520	13555	96
13555	13591	144
13591	13627	384
13627	13662	48
13662	13698	96
13698	13734	144
13734	13770	384
13770	13805	48
13805	13841	96
13841	13877	144
13877	13913	384
13913	13948	48
13948	13984	96
13984	14020	144
14020	14056	384
14056	14091	48
14091	14127	96
14127	14163	144
14163	14198	384
14198	14234	48
14234	14270	96
14270	14305	144
14305	14341	384
14341	14377	48
14377	14413	96
14413	14448	144
14448	14484	384
14484	14520	48
14520	14555	96
14555	14591	144
14591	14627	384
14627	14662	48
14662	14698	96
14698	14734	144
14734	14770	384
14770	14805	48
14805	14841	96
14841	14877	144
14877	14913	384
14913	14948	48
14948	14984	96
14984	15020	144
15020	15055	384
15055	15091	48
15091	15127	96
15127	15163	144
15163	15198	384
15198	15234	48
15234	15270	96
15270	15305	144
15305	15341	384
15341	15377	48
15377	15413	96
15413	15448	144
15448	15484	384
15484	15520	48
15520	15555	96
15555	15591	144
15591	15627	384
15627	15662	48
15662	15698	96
15698	15734	144
15734	15770	384
15770	15805	48
15805	15841	96
15841	15877	144
15877	15913	384
15913	15948	48
15948	15984	96
15984	16020	144
16020	16055	384
16055	16091	48
16091	16127	96
16127	16163	144
16163	16198	384
16198	16234	48
16234	16270	96
16270	16305	144
16305	16341	384
16341	16377	48
16377	16413	96
16413	16448	144
16448	16484	384
16484	16520	48
16520	16555	96
16555	16591	144
16591	16627	384
16627	16662	48
16662	16698	96
16698	16734	144
16734	16770	384
16770	16805	48
16805	16841	96
16841	16877	144
16877	16912	384
16912	16948	48
16948	16984	96
16984	17020	144
17020	17056	384
17056	17091	48
17091	17127	96
17127	17163	144
17163	17198	384
17198	17234	48
17234	17270	96
17270	17305	144
17305	17341	384
17341	17377	48
17377	17412	96
17412	17448	144
17448	17484	384
17484	17520	48
17520	17556	96
17556	17591	144
17591	17627	384
17627	17662	48
17662	17698	96
17698	17734	144
17734	17770	384
17770	17805	48
17805	17841	96
17841	17877	144
17877	17913	384
17913	17948	48
17948	17984	96
17984	18020	144
18020	18055	384
18055	18091	48
18091	18127	96
18127	18163	144
18163	18198	384
18198	18234	48
18234	18270	96
18270	18305	144
18305	18341	384
18341	18377	48
18377	18412	96
18412	18448	144
18448	18484	384
18484	18520	48
18520	18555	96
18555	18591	144
18591	18627	384
18627	18662	48
18662	18698	96
18698	18734	144
18734	18770	384
18770	18805	48
18805	18841	96
18841	18877	144
18877	18913	384
18913	18948	48
18948	18984	96
18984	19020	144
19020	19055	384
19055	19091	48
19091	19127	96
19127	19163	144
19163	19198	384
19198	19234	48
19234	19270	96
19270	19305	144
19305	19341	384
19341	19377	48
19377	19413	96
19413	19448	144
19448	19484	384
19484	19520	48
19520	19555	96
19555	19698	144
