1	1	384
50	50	48
98	98	96
147	147	144
195	195	384
243	243	48
292	292	96
340	340	144
388	388	384
437	437	48
485	485	96
534	534	144
582	582	384
630	630	48
679	679	96
727	727	144
775	775	384
824	824	48
872	872	96
921	921	144
969	969	384
1017	1017	48
1066	1066	96
1114	1114	144
1163	1163	384
1211	1211	48
1259	1259	96
1308	1308	144
1356	1356	384
1404	1404	48
1453	1453	96
1501	1501	144
1550	1550	384
1598	1598	48
1646	1646	96
1695	1695	144
1743	1743	384
1792	1792	48
1840	1840	96
1888	1888	144
1937	1937	384
1985	1985	48
2033	2033	96
2082	2082	144
2130	2130	384
2179	2179	48
2227	2227	96
2275	2275	144
2324	2324	384
2372	2372	48
2421	2421	96
2469	2469	144
2517	2517	384
2566	2566	48
2614	2614	96
2663	2663	144
2711	2711	384
2759	2759	48
2808	2808	96
2856	2856	144
2905	2905	384
2953	2953	48
3001	3001	96
3050	3050	144
3098	3098	384
3146	3146	48
3195	3195	96
3243	3243	144
3292	3292	384
3340	3340	48
3388	3388	96
3437	3437	144
3485	3485	384
3533	3533	48
3582	3582	96
3630	3630	144
3679	3679	384
3727	3727	48
3775	3775	96
3824	3824	144
3872	3872	384
3920	3920	48
3969	3969	96
4017	4017	144
4066	4066	384
4114	4114	48
4162	4162	96
4211	4211	144
4259	4259	384
4308	4308	48
4356	4356	96
4404	4404	144
4453	4453	384
4501	4501	48
4550	4550	96
4598	4598	144
4646	4646	384
4695	4695	48
4743	4743	96
4792	4792	144
4840	4840	384
4888	4888	48
4937	4937	96
4985	4985	144
5033	5033	384
5082	5082	48
5130	5130	96
5179	5179	144
5227	5227	384
5275	5275	48
5324	5324	96
5372	5372	144
5420	5420	384
5469	5469	48
5517	5517	96
5566	5566	144
5614	5614	384
5662	5662	48
5711	5711	96
5759	5759	144
5808	5808	384
5856	5856	48
5904	5904	96
5953	5953	144
6001	6001	384
6050	6050	48
6098	6098	96
6146	6146	144
6195	6195	384
6243	6243	48
6291	6291	96
6340	6340	144
6388	6388	384
6437	6437	48
6485	6485	96
6533	6533	144
6582	6582	384
6630	6630	48
6679	6679	96
6727	6727	144
6775	6775	384
6824	6824	48
6872	6872	96
6921	6921	144
6969	6969	384
7017	7017	48
7066	7066	96
7114	7114	144
7162	7162	384
7211	7211	48
7259	7259	96
7308	7308	144
7356	7356	384
7405	7405	48
7453	7453	96
7501	7501	144
7549	7549	384
7598	7598	48
7646	7646	96
7695	7695	144
7743	7743	384
7792	7792	48
7840	7840	96
7888	7888	144
7937	7937	384
7985	7985	48
8033	8033	96
8082	8082	144
8130	8130	384
8178	8178	48
8227	8227	96
8275	8275	144
8324	8324	384
8372	8372	48
8420	8420	96
8469	8469	144
8517	8517	384
8566	8566	48
8614	8614	96
8662	8662	144
8711	8711	384
8759	8759	48
8808	8808	96
8856	8856	144
8904	8904	384
8953	8953	48
9001	9001	96
9049	9049	144
9098	9098	384
9146	9146	48
9195	9195	96
9243	9243	144
9291	9291	384
9340	9340	48
9388	9388	96
9436	9436	144
9485	9485	384
9533	9533	48
9582	9582	96
9630	9630	144
9679	9679	384
9727	9727	48
9775	9775	96
9824	9824	144
9872	9872	384
9920	9920	48
9969	9969	96
10017	10017	144
10066	10066	384
10114	10114	48
10162	10162	96
10211	10211	144
10259	10259	384
10307	10307	48
10356	10356	96
10404	10404	144
10453	10453	384
10501	10501	48
10549	10549	96
10598	10598	144
10646	10646	384
10695	10695	48
10743	10743	96
10791	10791	144
10840	10840	384
10888	10888	48
10937	10937	96
10985	10985	144
11033	11033	384
11082	11082	48
11130	11130	96
11179	11179	144
11227	11227	384
11275	11275	48
11324	11324	96
11372	11372	144
11420	11420	384
11469	11469	48
11517	11517	96
11566	11566	144
11614	11614	384
11662	11662	48
11711	11711	96
11759	11759	144
11807	11807	384
11856	11856	48
11904	11904	96
11953	11953	144
12001	12001	384
12049	12049	48
12098	12098	96
12146	12146	144
12195	12195	384
12243	12243	48
12291	12291	96
12340	12340	144
12388	12388	384
12437	12437	48
12485	12485	96
12533	12533	144
12582	12582	384
12630	12630	48
12678	12678	96
12727	12727	144
12775	12775	384
12824	12824	48
12872	12872	96
12920	12920	144
12969	12969	384
13017	13017	48
13066	13066	96
13114	13114	144
13162	13162	384
13211	13211	48
13259	13259	96
13307	13307	144
13356	13356	384
13404	13404	48
13453	13453	96
13501	13501	144
13549	13549	384
13598	13598	48
13646	13646	96
13694	13694	144
13743	13743	384
13791	13791	48
13840	13840	96
13888	13888	144
13936	13936	384
13985	13985	48
14033	14033	96
14082	14082	144
14130	14130	384
14178	14178	48
14227	14227	96
14275	14275	144
14324	14324	384
14372	14372	48
14421	14421	96
14469	14469	144
14517	14517	384
14566	14566	48
14614	14614	96
14662	14662	144
14711	14711	384
14759	14759	48
14807	14807	96
14856	14856	144
14904	14904	384
14953	14953	48
15001	15001	96
15049	15049	144
15098	15098	384
15146	15146	48
15195	15195	96
15243	15243	144
15291	15291	384
15340	15340	48
15388	15388	96
15436	15436	144
15485	15485	384
15533	15533	48
15582	15582	96
15630	15630	144
15678	15678	384
15727	15727	48
15775	15775	96
15824	15824	144
15872	15872	384
15920	15920	48
15969	15969	96
16017	16017	144
16065	16065	384
16114	16114	48
16162	16162	96
16211	16211	144
16259	16259	384
16307	16307	48
16356	16356	96
16404	16404	144
16452	16452	384
16501	16501	48
16549	16549	96
16598	16598	144
16646	16646	384
16694	16694	48
16743	16743	96
16791	16791	144
16840	16840	384
16888	16888	48
16936	16936	96
16985	16985	144
17033	17033	384
17082	17082	48
17130	17130	96
17178	17178	144
17227	17227	384
17275	17275	48
17323	17323	96
17372	17372	144
17420	17420	384
17469	17469	48
17517	17517	96
17565	17565	144
17614	17614	384
17662	17662	48
17711	17711	96
17759	17759	144
17807	17807	384
17856	17856	48
17904	17904	96
17952	17952	144
18001	18001	384
18049	18049	48
18098	18098	96
18146	18146	144
18194	18194	384
18243	18243	48
18291	18291	96
18340	18340	144
18388	18388	384
18436	18436	48
18485	18485	96
18533	18533	144
18582	18582	384
18630	18630	48
18678	18678	96
18727	18727	144
18775	18775	384
18823	18823	48
18872	18872	96
18920	18920	144
18969	18969	384
19017	19017	48
19065	19065	96
19114	19114	144
19162	19162	384
19211	19211	48
19259	19259	96
19307	19307	144
19356	19356	384
19404	19404	48
19452	19452	96
19501	19501	144
19549	19549	384
19598	19598	48
19646	19646	96
19694	19694	144
19743	19743	384
19791	19791	48
19840	19840	96
19888	19888	144
19937	19937	384
19985	19985	48
20033	20033	96
20081	20081	144
20130	20130	384
20178	20178	48
20227	20227	96
20275	20275	144
20323	20323	384
20372	20372	48
20420	20420	96
20469	20469	144
20517	20517	384
20565	20565	48
20614	20614	96
20662	20662	144
20711	20711	384
20759	20759	48
20807	20807	96
20856	20856	144
20904	20904	384
20952	20952	48
21001	21001	96
21049	21049	144
21098	21098	384
21146	21146	48
21194	21194	96
21243	21243	144
21291	21291	384
21340	21340	48
21388	21388	96
21436	21436	144
21485	21485	384
21533	21533	48
21581	21581	96
21630	21630	144
21678	21678	384
21727	21727	48
21775	21775	96
21823	21823	144
21872	21872	384
21920	21920	48
21969	21969	96
22017	22017	144
