2	51	384
51	101	48
101	151	96
151	200	144
200	250	384
250	299	48
299	349	96
349	398	144
398	448	384
448	498	48
498	547	96
547	597	144
597	646	384
646	696	48
696	746	96
746	795	144
795	845	384
845	894	48
894	944	96
944	994	144
994	1043	384
1043	1093	48
1093	1142	96
1142	1192	144
1192	1241	384
1241	1291	48
1291	1341	96
1341	1390	144
1390	1440	384
1440	1489	48
1489	1539	96
1539	1589	144
1589	1638	384
1638	1688	48
1688	1737	96
1737	1787	144
1787	1836	384
1836	1886	48
1886	1936	96
1936	1985	144
1985	2035	384
2035	2084	48
2084	2134	96
2134	2184	144
2184	2233	384
2233	2283	48
2283	2332	96
2332	2382	144
2382	2432	384
2432	2481	48
2481	2531	96
2531	2580	144
2580	2630	384
2630	2679	48
2679	2729	96
2729	2779	144
2779	2828	384
2828	2878	48
2878	2927	96
2927	2977	144
2977	3027	384
3027	3076	48
3076	3126	96
3126	3175	144
3175	3225	384
3225	3274	48
3274	3324	96
3324	3374	144
3374	3423	384
3423	3473	48
3473	3522	96
3522	3572	144
3572	3622	384
3622	3671	48
3671	3721	96
3721	3770	144
3770	3820	384
3820	3869	48
3869	3919	96
3919	3969	144
3969	4018	384
4018	4068	48
4068	4117	96
4117	4167	144
4167	4217	384
4217	4266	48
4266	4316	96
4316	4365	144
4365	4415	384
4415	4464	48
4464	4514	96
4514	4564	144
4564	4613	384
4613	4663	48
4663	4712	96
4712	4762	144
4762	4812	384
4812	4861	48
4861	4911	96
4911	4960	144
4960	5010	384
5010	5060	48
5060	5109	96
5109	5159	144
5159	5208	384
5208	5258	48
5258	5307	96
5307	5357	144
5357	5407	384
5407	5456	48
5456	5506	96
5506	5556	144
5556	5605	384
5605	5655	48
5655	5704	96
5704	5754	144
5754	5803	384
5803	5853	48
5853	5903	96
5903	5952	144
5952	6002	384
6002	6051	48
6051	6101	96
6101	6150	144
6150	6200	384
6200	6250	48
6250	6299	96
6299	6349	144
6349	6398	384
6398	6448	48
6448	6497	96
6497	6547	144
6547	6597	384
6597	6646	48
6646	6696	96
6696	6745	144
6745	6795	384
6795	6845	48
6845	6894	96
6894	6944	144
6944	6993	384
6993	7043	48
7043	7093	96
7093	7142	144
7142	7192	384
7192	7241	48
7241	7291	96
7291	7341	144
7341	7390	384
7390	7440	48
7440	7489	96
7489	7539	144
7539	7588	384
7588	7638	48
7638	7688	96
7688	7737	144
7737	7787	384
7787	7836	48
7836	7886	96
7886	7936	144
7936	7985	384
7985	8035	48
8035	8084	96
8084	8134	144
8134	8183	384
8183	8233	48
8233	8283	96
8283	8332	144
8332	8382	384
8382	8431	48
8431	8481	96
8481	8531	144
8531	8580	384
8580	8630	48
8630	8679	96
8679	8729	144
8729	8779	384
8779	8828	48
8828	8878	96
8878	8927	144
8927	8977	384
8977	9026	48
9026	9076	96
9076	9126	144
9126	9175	384
9175	9225	48
9225	9274	96
9274	9324	144
9324	9373	384
9373	9423	48
9423	9473	96
9473	9522	144
9522	9572	384
9572	9621	48
9621	9671	96
9671	9721	144
9721	9770	384
9770	9820	48
9820	9869	96
9869	9919	144
9919	9969	384
9969	10018	48
10018	10068	96
10068	10117	144
10117	10167	384
10167	10217	48
10217	10266	96
10266	10316	144
10316	10365	384
10365	10415	48
10415	10464	96
10464	10514	144
10514	10564	384
10564	10613	48
10613	10663	96
10663	10712	144
10712	10762	384
10762	10812	48
10812	10861	96
10861	10911	144
10911	10960	384
10960	11010	48
11010	11059	96
11059	11109	144
11109	11159	384
11159	11208	48
11208	11258	96
11258	11307	144
11307	11357	384
11357	11407	48
11407	11456	96
11456	11506	144
11506	11555	384
11555	11605	48
11605	11655	96
11655	11704	144
11704	11754	384
11754	11803	48
11803	11853	96
11853	11902	144
11902	11952	384
11952	12002	48
12002	12051	96
12051	12101	144
12101	12150	384
12150	12200	48
12200	12250	96
12250	12299	144
12299	12349	384
12349	12398	48
12398	12448	96
12448	12497	144
12497	12547	384
12547	12597	48
12597	12646	96
12646	12696	144
12696	12745	384
12745	12795	48
12795	12845	96
12845	12894	144
12894	12944	384
12944	12993	48
12993	13043	96
13043	13092	144
13092	13142	384
13142	13192	48
13192	13241	96
13241	13291	144
13291	13340	384
13340	13390	48
13390	13440	96
13440	13489	144
13489	13539	384
13539	13588	48
13588	13638	96
13638	13687	144
13687	13737	384
13737	13787	48
13787	13836	96
13836	13886	144
13886	13936	384
13936	13985	48
13985	14035	96
14035	14084	144
14084	14134	384
14134	14183	48
14183	14233	96
14233	14283	144
14283	14332	384
14332	14382	48
14382	14431	96
14431	14481	144
14481	14531	384
14531	14580	48
14580	14630	96
14630	14679	144
14679	14729	384
14729	14778	48
14778	14828	96
14828	14878	144
14878	14927	384
14927	14977	48
14977	15026	96
15026	15076	144
15076	15125	384
15125	15175	48
15175	15225	96
15225	15274	144
15274	15324	384
15324	15373	48
15373	15423	96
15423	15473	144
15473	15522	384
15522	15572	48
15572	15621	96
15621	15671	144
15671	15721	384
15721	15770	48
15770	15820	96
15820	15869	144
15869	15919	384
15919	15968	48
15968	16018	96
16018	16068	144
16068	16117	384
16117	16167	48
16167	16216	96
16216	16266	144
16266	16316	384
16316	16365	48
16365	16415	96
16415	16464	144
16464	16514	384
16514	16564	48
16564	16613	96
16613	16663	144
16663	16712	384
16712	16762	48
16762	16811	96
16811	16861	144
16861	16911	384
16911	16960	48
16960	17010	96
17010	17059	144
17059	17109	384
17109	17159	48
17159	17208	96
17208	17258	144
17258	17307	384
17307	17357	48
17357	17406	96
17406	17456	144
17456	17506	384
17506	17555	48
17555	17605	96
17605	17654	144
17654	17704	384
17704	17754	48
17754	17803	96
17803	17853	144
17853	17902	384
17902	17952	48
17952	18001	96
18001	18051	144
18051	18101	384
18101	18150	48
18150	18200	96
18200	18249	144
18249	18299	384
18299	18349	48
18349	18398	96
18398	18448	144
18448	18497	384
18497	18547	48
18547	18597	96
18597	18646	144
18646	18696	384
18696	18745	48
18745	18795	96
18795	18845	144
18845	18894	384
18894	18944	48
18944	18993	96
18993	19043	144
19043	19092	384
19092	19142	48
19142	19192	96
19192	19241	144
19241	19291	384
19291	19340	48
19340	19390	96
19390	19439	144
19439	19489	384
19489	19539	48
19539	19588	96
19588	19638	144
19638	19687	384
19687	19737	48
19737	19787	96
19787	19836	144
19836	19886	384
19886	19935	48
19935	19985	96
19985	20035	144
20035	20084	384
20084	20134	48
20134	20183	96
20183	20233	144
20233	20282	384
20282	20332	48
20332	20382	96
20382	20431	144
20431	20481	384
20481	20530	48
20530	20580	96
20580	20630	144
20630	20679	384
20679	20729	48
20729	20778	96
20778	20828	144
20828	20878	384
20878	20927	48
20927	20977	96
20977	21026	144
21026	21076	384
21076	21126	48
21126	21175	96
21175	21225	144
21225	21274	384
21274	21324	48
21324	21373	96
21373	21423	144
21423	21472	384
21472	21522	48
21522	21572	96
21572	21621	144
21621	21671	384
21671	21720	48
21720	21770	96
21770	21820	144
21820	21869	384
21869	21919	48
21919	21968	96
21968	22018	144
22018	22068	384
22068	22117	48
22117	22167	96
22167	22216	144
22216	22266	384
22266	22315	48
22315	22365	96
22365	22415	144
22415	22464	384
22464	22514	48
22514	22563	96
22563	22613	144
22613	22663	384
22663	22712	48
22712	22762	96
22762	22811	144
22811	22861	384
22861	22911	48
22911	22960	96
22960	23010	144
23010	23059	384
23059	23109	48
23109	23159	96
23159	23208	144
23208	23258	384
23258	23307	48
23307	23357	96
23357	23406	144
23406	23456	384
23456	23506	48
23506	23555	96
23555	23605	144
23605	23654	384
23654	23704	48
23704	23753	96
23753	23803	144
23803	23853	384
23853	23902	48
23902	23952	96
23952	24001	144
24001	24051	384
24051	24101	48
24101	24150	96
24150	24200	144
24200	24249	384
24249	24299	48
24299	24348	96
24348	24398	144
24398	24448	384
24448	24497	48
24497	24547	96
24547	24596	144
24596	24646	384
24646	24696	48
24696	24745	96
24745	24795	144
24795	24844	384
24844	24894	48
24894	24944	96
24944	24993	144
24993	25043	384
25043	25092	48
25092	25142	96
25142	25192	144
25192	25241	384
25241	25291	48
25291	25340	96
25340	25390	144
25390	25439	384
25439	25489	48
25489	25539	96
25539	25588	144
25588	25638	384
25638	25687	48
25687	25737	96
25737	25787	144
25787	25836	384
25836	25886	48
25886	25935	96
25935	25985	144
25985	26034	384
26034	26084	48
26084	26134	96
26134	26183	144
26183	26233	384
26233	26282	48
26282	26332	96
26332	26382	144
26382	26431	384
26431	26481	48
26481	26530	96
26530	26580	144
26580	26630	384
26630	26679	48
26679	26729	96
26729	26778	144
26778	28113	384
