33	79	48
79	125	384
125	172	48
172	219	96
219	267	144
267	315	384
315	363	48
363	411	96
411	459	144
459	507	384
507	554	48
554	601	96
601	649	144
649	696	384
696	743	48
743	789	96
789	837	144
837	883	384
883	930	48
930	977	96
977	1025	144
1025	1072	384
1072	1119	48
1119	1166	96
1166	1212	144
1212	1259	384
1259	1306	48
1306	1353	96
1353	1401	144
1401	1449	384
1449	1497	48
1497	1545	96
1545	1592	144
1592	1639	384
1639	1686	48
1686	1733	96
1733	1779	144
1779	1826	384
1826	1873	48
1873	1920	96
1920	1967	144
1967	2015	384
2015	2062	48
2062	2108	96
2108	2155	144
2155	2203	384
2203	2251	48
2251	2298	96
2298	2345	144
2345	2392	384
2392	2439	48
2439	2486	96
2486	2534	144
2534	2581	384
2581	2629	48
2629	2676	96
2676	2724	144
2724	2770	384
2770	2816	48
2816	2862	96
2862	2908	144
2908	2956	384
2956	3004	48
3004	3052	96
3052	3100	144
3100	3148	384
3148	3195	48
3195	3242	96
3242	3289	144
3289	3336	384
3336	3383	48
3383	3430	96
3430	3477	144
3477	3524	384
3524	3571	48
3571	3618	96
3618	3666	144
3666	3713	384
3713	3760	48
3760	3807	96
3807	3855	144
3855	3903	384
3903	3951	48
3951	3999	96
3999	4047	144
4047	4093	384
4093	4139	48
4139	4185	96
4185	4232	144
4232	4280	384
4280	4328	48
4328	4376	96
4376	4424	144
4424	4472	384
4472	4518	48
4518	4564	96
4564	4611	144
4611	4658	384
4658	4705	48
4705	4752	96
4752	4800	144
4800	4847	384
4847	4894	48
4894	4941	96
4941	4988	144
4988	5035	384
5035	5083	48
5083	5131	96
5131	5179	144
5179	5225	384
5225	5272	48
5272	5318	96
5318	5365	144
5365	5413	384
5413	5461	48
5461	5509	96
5509	5557	144
5557	5605	384
5605	5653	48
5653	5700	96
5700	5748	144
5748	5794	384
5794	5841	48
5841	5888	96
5888	5935	144
5935	5982	384
5982	6030	48
6030	6077	96
6077	6125	144
6125	6172	384
6172	6220	48
6220	6267	96
6267	6315	144
6315	6361	384
6361	6407	48
6407	6453	96
6453	6500	144
6500	6547	384
6547	6594	48
6594	6641	96
6641	6689	144
6689	6736	384
6736	6784	48
6784	6831	96
6831	6879	144
6879	6926	384
6926	6973	48
6973	7020	96
7020	7067	144
7067	7114	384
7114	7161	48
7161	7208	96
7208	7256	144
7256	7302	384
7302	7347	48
7347	7393	96
7393	7440	144
7440	7487	384
7487	7535	48
7535	7583	96
7583	7631	144
7631	7679	384
7679	7726	48
7726	7773	96
7773	7821	144
7821	7868	384
7868	7915	48
7915	7962	96
7962	8010	144
8010	8058	384
8058	8106	48
8106	8154	96
8154	8202	144
8202	8250	384
8250	8297	48
8297	8344	96
8344	8392	144
8392	8438	384
8438	8484	48
8484	8530	96
8530	8576	144
8576	8624	384
8624	8672	48
8672	8721	96
8721	8769	144
8769	8816	384
8816	8863	48
8863	8909	96
8909	8956	144
8956	9003	384
9003	9050	48
9050	9097	96
9097	9145	144
9145	9192	384
9192	9240	48
9240	9287	96
9287	9335	144
9335	9383	384
9383	9431	48
9431	9479	96
9479	9527	144
9527	9574	384
9574	9622	48
9622	9670	96
9670	9718	144
9718	9763	384
9763	9809	48
9809	9856	96
9856	9902	144
9902	9948	384
9948	9995	48
9995	10041	96
10041	10088	144
10088	10136	384
10136	10184	48
10184	10232	96
10232	10280	144
10280	10328	384
10328	10375	48
10375	10422	96
10422	10469	144
10469	10515	384
10515	10562	48
10562	10608	96
10608	10655	144
10655	10702	384
10702	10750	48
10750	10797	96
10797	10845	144
10845	10893	384
10893	10941	48
10941	10989	96
10989	11037	144
11037	11085	384
11085	11133	48
11133	11180	96
11180	11227	144
11227	11273	384
11273	11320	48
11320	11366	96
11366	11413	144
11413	11460	384
11460	11508	48
11508	11555	96
11555	11603	144
11603	11650	384
11650	11698	48
11698	11746	96
11746	11794	144
11794	11841	384
11841	11888	48
11888	11935	96
11935	11983	144
11983	12029	384
12029	12076	48
12076	12122	96
12122	12169	144
12169	12216	384
12216	12264	48
12264	12312	96
12312	12360	144
12360	12407	384
12407	12454	48
12454	12501	96
12501	12548	144
12548	12595	384
12595	12643	48
12643	12691	96
12691	12739	144
12739	12785	384
12785	12832	48
12832	12879	96
12879	12926	144
12926	12973	384
12973	13020	48
13020	13067	96
13067	13115	144
13115	13162	384
13162	13209	48
13209	13256	96
13256	13304	144
13304	13351	384
13351	13398	48
13398	13445	96
13445	13492	144
13492	13538	384
13538	13585	48
13585	13632	96
13632	13679	144
13679	13727	384
13727	13775	48
13775	13823	96
13823	13871	144
13871	13919	384
13919	13967	48
13967	14015	96
14015	14063	144
14063	14109	384
14109	14156	48
14156	14202	96
14202	14249	144
14249	14296	384
14296	14343	48
14343	14390	96
14390	14437	144
14437	14483	384
14483	14529	48
14529	14575	96
14575	14621	144
14621	14669	384
14669	14716	48
14716	14764	96
14764	14812	144
14812	14860	384
14860	14908	48
14908	14956	96
14956	15004	144
15004	15051	384
15051	15099	48
15099	15147	96
15147	15194	144
15194	15242	384
15242	15290	48
15290	15338	96
15338	15386	144
15386	15433	384
15433	15480	48
15480	15527	96
15527	15574	144
15574	15620	384
15620	15667	48
15667	15714	96
15714	15761	144
15761	15808	384
15808	15856	48
15856	15904	96
15904	15952	144
15952	15999	384
15999	16047	48
16047	16094	96
16094	16142	144
16142	16188	384
16188	16234	48
16234	16280	96
16280	16328	144
16328	16374	384
16374	16422	48
16422	16470	96
16470	16518	144
16518	16565	384
16565	16613	48
16613	16660	96
16660	16707	144
16707	16754	384
16754	16801	48
16801	16848	96
16848	16895	144
16895	16942	384
16942	16990	48
16990	17037	96
17037	17085	144
17085	17131	384
17131	17177	48
17177	17223	96
17223	17270	144
17270	17317	384
17317	17365	48
17365	17413	96
17413	17461	144
17461	17509	384
17509	17557	48
17557	17605	96
17605	17653	144
17653	17699	384
17699	17746	48
17746	17793	96
17793	17840	144
17840	17886	384
17886	17933	48
17933	17980	96
17980	18027	144
18027	18075	384
18075	18123	48
18123	18171	96
18171	18219	144
18219	18266	384
18266	18313	48
18313	18360	96
18360	18408	144
18408	18454	384
18454	18501	48
18501	18548	96
18548	18595	144
18595	18642	384
18642	18689	48
18689	18736	96
18736	18783	144
18783	18831	384
18831	18879	48
18879	18927	96
18927	18975	144
18975	19022	384
19022	19069	48
19069	19116	96
19116	19164	144
19164	19211	384
19211	19258	48
19258	19305	96
19305	19352	144
19352	19399	384
19399	19447	48
19447	19495	96
19495	19543	144
19543	19589	384
19589	19635	48
19635	19681	96
19681	19727	144
19727	19775	384
19775	19823	48
19823	19871	96
19871	19919	144
19919	19966	384
19966	20012	48
20012	20058	96
20058	20105	144
20105	20152	384
20152	20200	48
20200	20248	96
20248	20296	144
20296	20343	384
20343	20390	48
20390	20437	96
20437	20484	144
20484	20531	384
20531	20578	48
20578	20625	96
20625	20672	144
20672	20719	384
20719	20767	48
20767	20815	96
20815	20863	144
20863	20910	384
20910	20958	48
20958	21005	96
21005	21053	144
21053	21100	384
21100	21148	48
21148	21196	96
21196	21242	144
21242	21290	384
21290	21336	48
21336	21382	96
21382	21429	144
21429	21476	384
21476	21523	48
21523	21570	96
21570	21617	144
21617	21664	384
21664	21712	48
21712	21759	96
21759	21807	144
21807	21854	384
21854	21901	48
21901	21948	96
21948	21996	144
21996	22043	384
22043	22091	48
22091	22138	96
22138	22186	144
22186	22233	384
22233	22281	48
22281	22329	96
22329	22377	144
22377	22423	384
22423	22470	48
22470	22517	96
22517	22564	144
22564	22612	384
22612	22660	48
22660	22708	96
22708	22756	144
22756	22802	384
22802	22848	48
22848	22894	96
22894	22940	144
22940	22987	384
22987	23034	48
23034	23082	96
23082	23130	144
23130	23178	384
23178	23225	48
23225	23272	96
23272	23319	144
23319	23365	384
23365	23412	48
23412	23459	96
23459	23507	144
23507	23554	384
23554	23602	48
23602	23650	96
23650	23698	144
23698	23745	384
23745	23792	48
23792	23839	96
23839	23887	144
23887	23935	384
23935	23983	48
23983	24031	96
24031	24079	144
24079	24126	384
24126	24173	48
24173	24219	96
24219	24266	144
24266	24313	384
24313	24360	48
24360	24407	96
24407	24455	144
24455	24501	384
24501	24548	48
24548	24594	96
24594	24641	144
24641	24688	384
24688	24736	48
24736	24784	96
24784	24832	144
24832	24878	384
24878	24925	48
24925	24972	96
24972	25019	144
25019	25065	384
25065	25112	48
25112	25159	96
25159	25206	144
25206	25254	384
25254	25302	48
25302	25350	96
25350	25398	144
25398	25445	384
25445	25493	48
25493	25540	96
25540	25588	144
25588	25635	384
25635	25682	48
25682	25729	96
25729	25777	144
25777	25824	384
25824	25871	48
25871	25918	96
25918	25966	144
25966	26013	384
26013	26061	48
26061	26108	96
26108	26156	144
26156	26202	384
26202	26249	48
26249	26295	96
26295	26342	144
26342	26389	384
26389	26437	48
26437	26485	96
26485	26533	144
26533	26580	384
26580	26627	48
26627	26674	96
26674	26721	144
26721	26767	384
26767	26814	48
26814	26861	96
26861	26908	144
26908	26956	384
26956	27004	48
27004	27052	96
27052	27100	144
27100	27148	384
27148	27196	48
27196	27244	96
27244	27292	144
27292	27770	384
