2	46	-1
46	91	-1
91	135	384
135	180	48
180	225	96
225	270	144
270	315	384
315	359	48
359	404	96
404	449	144
449	494	384
494	539	48
539	584	96
584	628	144
628	673	384
673	718	48
718	762	96
762	807	144
807	852	384
852	897	48
897	941	96
941	986	144
986	1031	384
1031	1076	48
1076	1121	96
1121	1165	144
1165	1210	384
1210	1255	48
1255	1300	96
1300	1344	144
1344	1389	384
1389	1434	48
1434	1479	96
1479	1524	144
1524	1568	384
1568	1613	48
1613	1658	96
1658	1703	144
1703	1747	384
1747	1792	48
1792	1837	96
1837	1882	144
1882	1926	384
1926	1971	48
1971	2016	96
2016	2061	144
2061	2106	384
2106	2150	48
2150	2195	96
2195	2240	144
2240	2285	384
2285	2329	48
2329	2374	96
2374	2419	144
2419	2464	384
2464	2509	48
2509	2553	96
2553	2598	144
2598	2643	384
2643	2688	48
2688	2733	96
2733	2777	144
2777	2822	384
2822	2867	48
2867	2912	96
2912	2956	144
2956	3001	384
3001	3046	48
3046	3091	96
3091	3136	144
3136	3180	384
3180	3225	48
3225	3270	96
3270	3315	144
3315	3359	384
3359	3404	48
3404	3449	96
3449	3494	144
3494	3538	384
3538	3583	48
3583	3628	96
3628	3673	144
3673	3718	384
3718	3762	48
3762	3807	96
3807	3852	144
3852	3897	384
3897	3941	48
3941	3986	96
3986	4031	144
4031	4076	384
4076	4121	48
4121	4165	96
4165	4210	144
4210	4255	384
4255	4300	48
4300	4344	96
4344	4389	144
4389	4434	384
4434	4479	48
4479	4524	96
4524	4568	144
4568	4613	384
4613	4658	48
4658	4703	96
4703	4748	144
4748	4792	384
4792	4837	48
4837	4882	96
4882	4927	144
4927	4971	384
4971	5016	48
5016	5061	96
5061	5106	144
5106	5150	384
5150	5195	48
5195	5240	96
5240	5285	144
5285	5330	384
5330	5374	48
5374	5419	96
5419	5464	144
5464	5509	384
5509	5553	48
5553	5598	96
5598	5643	144
5643	5688	384
5688	5733	48
5733	5777	96
5777	5822	144
5822	5867	384
5867	5912	48
5912	5956	96
5956	6001	144
6001	6046	384
6046	6091	48
6091	6136	96
6136	6180	144
6180	6225	384
6225	6270	48
6270	6315	96
6315	6359	144
6359	6404	384
6404	6449	48
6449	6494	96
6494	6539	144
6539	6583	384
6583	6628	48
6628	6673	96
6673	6718	144
6718	6762	384
6762	6807	48
6807	6852	96
6852	6897	144
6897	6941	384
6941	6986	48
6986	7031	96
7031	7076	144
7076	7121	384
7121	7165	48
7165	7210	96
7210	7255	144
7255	7300	384
7300	7344	48
7344	7389	96
7389	7434	144
7434	7479	384
7479	7524	48
7524	7568	96
7568	7613	144
7613	7658	384
7658	7703	48
7703	7747	96
7747	7792	144
7792	7837	384
7837	7882	48
7882	7926	96
7926	7971	144
7971	8016	384
8016	8061	48
8061	8106	96
8106	8150	144
8150	8195	384
8195	8240	48
8240	8285	96
8285	8330	144
8330	8374	384
8374	8419	48
8419	8464	96
8464	8509	144
8509	8553	384
8553	8598	48
8598	8643	96
8643	8688	144
8688	8732	384
8732	8778	48
8778	8822	96
8822	8867	144
8867	8912	384
8912	8956	48
8956	9001	96
9001	9046	144
9046	9091	384
9091	9135	48
9135	9180	96
9180	9225	144
9225	9270	384
9270	9315	48
9315	9359	96
9359	9404	144
9404	9449	384
9449	9494	48
9494	9538	96
9538	9583	144
9583	9628	384
9628	9673	48
9673	9718	96
9718	9762	144
9762	9807	384
9807	9852	48
9852	9897	96
9897	9941	144
9941	9986	384
9986	10031	48
10031	10076	96
10076	10120	144
10120	10165	384
10165	10210	48
10210	10255	96
10255	10300	144
10300	10344	384
10344	10389	48
10389	10434	96
10434	10479	144
10479	10523	384
10523	10569	48
10569	10613	96
10613	10658	144
10658	10703	384
10703	10747	48
10747	10792	96
10792	10837	144
10837	10882	384
10882	10927	48
10927	10971	96
10971	11016	144
11016	11061	384
11061	11106	48
11106	11150	96
11150	11195	144
11195	11240	384
11240	11285	48
11285	11330	96
11330	11374	144
11374	11419	384
11419	11464	48
11464	11509	96
11509	11553	144
11553	11598	384
11598	11643	48
11643	11688	96
11688	11733	144
11733	11777	384
11777	11822	48
11822	11867	96
11867	11912	144
11912	11956	384
11956	12001	48
12001	12046	96
12046	12091	144
12091	12135	384
12135	12180	48
12180	12225	96
12225	12270	144
12270	12315	384
12315	12359	48
12359	12404	96
12404	12449	144
12449	12494	384
12494	12539	48
12539	12583	96
12583	12628	144
12628	12673	384
12673	12718	48
12718	12762	96
12762	12807	144
12807	12852	384
12852	12897	48
12897	12942	96
12942	12986	144
12986	13031	384
13031	13076	48
13076	13121	96
13121	13165	144
13165	13210	384
13210	13255	48
13255	13300	96
13300	13344	144
13344	13389	384
13389	13434	48
13434	13479	96
13479	13524	144
13524	13568	384
13568	13613	48
13613	13658	96
13658	13703	144
13703	13747	384
13747	13792	48
13792	13837	96
13837	13882	144
13882	13926	384
13926	13971	48
13971	14016	96
14016	14061	144
14061	14106	384
14106	14151	48
14151	14195	96
14195	14240	144
14240	14285	384
14285	14329	48
14329	14374	96
14374	14419	144
14419	14464	384
14464	14509	48
14509	14553	96
14553	14598	144
14598	14643	384
14643	14688	48
14688	14733	96
14733	14777	144
14777	14822	384
14822	14867	48
14867	14912	96
14912	14956	144
14956	15001	384
15001	15046	48
15046	15091	96
15091	15135	144
15135	15180	384
15180	15225	48
15225	15270	96
15270	15315	144
15315	15359	384
15359	15404	48
15404	15449	96
15449	15494	144
15494	15538	384
15538	15583	48
15583	15628	96
15628	15673	144
15673	15718	384
15718	15762	48
15762	15807	96
15807	15852	144
15852	15897	384
15897	15941	48
15941	15986	96
15986	16031	144
16031	16076	384
16076	16121	48
16121	16165	96
16165	16210	144
16210	16255	384
16255	16300	48
16300	16344	96
16344	16389	144
16389	16434	384
16434	16479	48
16479	16524	96
16524	16568	144
16568	16613	384
16613	16658	48
16658	16703	96
16703	16747	144
16747	16792	384
16792	16837	48
16837	16882	96
16882	16927	144
16927	16971	384
16971	17016	48
17016	17061	96
17061	17106	144
17106	17150	384
17150	17195	48
17195	17240	96
17240	17285	144
17285	17330	384
17330	17374	48
17374	17419	96
17419	17464	144
17464	17509	384
17509	17553	48
17553	17598	96
17598	17643	144
17643	17688	384
17688	17733	48
17733	17777	96
17777	17822	144
17822	17867	384
17867	17912	48
17912	17956	96
17956	18001	144
18001	18046	384
18046	18091	48
18091	18136	96
18136	18180	144
18180	18225	384
18225	18270	48
18270	18315	96
18315	18359	144
18359	18404	384
18404	18449	48
18449	18494	96
18494	18538	144
18538	18583	384
18583	18628	48
18628	18673	96
18673	18718	144
18718	18763	384
18763	18807	48
18807	18852	96
18852	18897	144
18897	18941	384
18941	18986	48
18986	19031	96
19031	19076	144
19076	19121	384
19121	19165	48
19165	19210	96
19210	19255	144
19255	19300	384
19300	19344	48
19344	19389	96
19389	19434	144
19434	19479	384
19479	19524	48
19524	19568	96
19568	19613	144
19613	19658	384
19658	19703	48
19703	19748	96
19748	19792	144
19792	19837	384
19837	19882	48
19882	19927	96
19927	19971	144
19971	20016	384
20016	20061	48
20061	20106	96
20106	20150	144
20150	20195	384
20195	20240	48
20240	20285	96
20285	20329	144
20329	20374	384
20374	20419	48
20419	20464	96
20464	20509	144
20509	20553	384
20553	20598	48
20598	20643	96
20643	20688	144
20688	20733	384
20733	20777	48
20777	20822	96
20822	20867	144
20867	20912	384
20912	20956	48
20956	21001	96
21001	21046	144
21046	21091	384
21091	21135	48
21135	21180	96
21180	21225	144
21225	21270	384
21270	21315	48
21315	21359	96
21359	21404	144
21404	21449	384
21449	21836	48
